15
1
500 600 25
3439316172 0
2
900 900 355 355
3439119564 0
3
230 304 590 304 239 495
3439316172 1 3439316172
1
300 -858993460 700
13047173 0
1
699 599 40
16766720 0
1
300 300 45
3978097 0
1
800 100 50
0 0
2
799 799 349 349
16753920 0
3
546 799 239 349 459 650
0 1 0
3
230 304 590 304 239 495
16711680 1 16711680
1
435 567 60
16711935 0
3
450 349 239 568 653 450
3978097 1 16711935
3
340 983 382 498 237 596
8087790 1 16753920
2
239 450 694 389
8087790 0
3
546 799 239 349 459 650
16711935 1 8087790
